2 101 55 0 5 1 2 3 4 200 155
11 55 55 0 6 10 11 12 13 179 22 163
13 33 5 0 1 20 49
201 77 19 1 2 30 31 92 
211 99 77 1 7 40 41 42 43 44 7 100 103
301 1 99 1 1 50 80
311 22 99 1 3 61 72 22 20
312 23 99 1 4 71 64 77 11 48
402 101 55 0 5 1 2 3 4 200 155
411 55 55 0 6 10 11 12 13 179 22 161
413 33 5 0 1 20 49
601 77 19 1 2 30 31 92 
611 99 77 1 7 40 41 42 43 44 7 100 103
701 1 99 1 1 50 80
711 22 99 1 3 61 72 22 20
712 23 99 1 4 71 64 77 11 48
802 101 55 0 5 1 2 3 4 200 155
811 55 55 0 6 10 11 12 13 179 22 163
813 33 5 0 1 20 49
1001 77 19 1 2 30 31 92 
1011 99 77 1 7 40 41 42 43 44 7 100 101
1101 1 99 1 1 50 80
1111 22 99 1 3 61 72 22 20
1112 23 99 1 4 71 64 77 11 48
