22 101 55 0 5 1 2 3 4 200 155
31 55 55 0 6 10 11 12 13 179 22 163
33 33 5 0 1 20 49
221 77 19 1 2 30 31 92 
231 99 77 1 7 40 41 42 43 44 7 100 103
321 1 99 1 1 50 80
331 22 99 1 3 61 72 22 20
332 23 99 1 4 71 64 77 11 48
422 101 55 0 5 1 2 3 4 200 155
431 55 55 0 6 10 11 12 13 179 22 161
433 33 5 0 1 20 49
621 77 19 1 2 30 31 92 
631 99 77 1 7 40 41 42 43 44 7 100 103
721 1 99 1 1 50 80
731 22 99 1 3 61 72 22 20
732 23 99 1 4 71 64 77 11 48
822 101 55 0 5 1 2 3 4 200 155
831 55 55 0 6 10 11 12 13 179 22 163
833 33 5 0 1 20 49
1021 77 19 1 2 30 31 92 
1031 99 77 1 7 40 41 42 43 44 7 100 101
1121 1 99 1 1 50 80
1131 22 99 1 3 61 72 22 20
1132 23 99 1 4 71 64 77 11 48
