51 128 55 1 4 1 2 3 4 182
60 128 55 0 4 10 11 12 13 179
62 33 5 1 2 20 21 38
260 77 19 0 3 30 31 32 124
270 99 77 0 5 40 41 42 43 44 7
370 1 99 1 1 50 80
380 22 99 1 1 61 72
391 100 99 1 1 71 64
1061 128 55 1 4 1 2 3 4 182
1070 128 55 0 4 10 11 12 13 179
1072 33 5 1 2 20 21 38
1260 77 19 0 3 30 31 32 124
1270 99 77 0 5 40 41 42 43 44 8
1360 1 99 1 1 50 80
1370 22 99 1 1 61 72
1371 100 99 1 1 71 64
2061 128 55 1 4 1 2 3 4 181
2070 128 55 0 4 10 11 12 13 179
2072 33 5 1 2 20 21 38
2270 77 19 0 3 30 31 32 124
2280 99 77 0 5 40 41 42 43 44 7
2370 1 99 1 1 50 80
2380 22 99 1 1 61 72
2381 100 99 1 1 71 64
