1 128 55 1 4 1 2 3 4 182
10 128 55 0 4 10 11 12 13 179
12 33 5 1 2 20 21 38
200 77 19 0 3 30 31 32 124
210 99 77 0 5 40 41 42 43 44 7
300 1 99 1 1 50 80
310 22 99 1 1 61 72
311 100 99 1 1 71 64
1001 128 55 1 4 1 2 3 4 182
1010 128 55 0 4 10 11 12 13 179
1012 33 5 1 2 20 21 38
1200 77 19 0 3 30 31 32 124
1210 99 77 0 5 40 41 42 43 44 8
1300 1 99 1 1 50 80
1310 22 99 1 1 61 72
1311 100 99 1 1 71 64
2001 128 55 1 4 1 2 3 4 181
2010 128 55 0 4 10 11 12 13 179
2012 33 5 1 2 20 21 38
2200 77 19 0 3 30 31 32 124
2210 99 77 0 5 40 41 42 43 44 7
2300 1 99 1 1 50 80
2310 22 99 1 1 61 72
2311 100 99 1 1 71 64
